0 0.40254045307443365 0.23905094905094904 0.03679611650485436 0.038531468531468535
0 0.3459142394822007 0.26902097902097905 0.016011326860841422 0.029970029970029972
0 0.36151294498381875 0.22620379620379621 0.01947411003236246 0.02140859140859141
0 0.3863592233009709 0.2169230769230769 0.013689320388349515 0.01998001998001998
0 0.4135194174757282 0.2633066933066933 0.01714401294498382 0.02140859140859141
0 0.35111650485436896 0.30755244755244754 0.014854368932038835 0.015694305694305695
0 0.36902912621359224 0.3146853146853147 0.025598705501618125 0.024265734265734265
0 0.6047815533980583 0.2518881118881119 0.013632686084142396 0.027112887112887115
0 0.6105582524271844 0.3196803196803197 0.020566343042071198 0.022837162837162837
0 0.5799352750809061 0.34751248751248753 0.012483818770226538 0.01855144855144855
0 0.5961165048543688 0.36034965034965033 0.015250809061488674 0.012847152847152847